MEME version 4

ALPHABET= ACGT

strands: + -

Background letter frequencies
A 0.25 C 0.25 G 0.25 T 0.25

MOTIF SNAI2

letter-probability matrix: alength= 4 w= 10 nsites= 20 E= 0
  0.417209	  0.107480	  0.349952	  0.125359	
  0.619346	  0.004355	  0.324259	  0.052040	
  0.000000	  1.000000	  0.000000	  0.000000	
  0.999118	  0.000579	  0.000000	  0.000302	
  0.019223	  0.000000	  0.979789	  0.000988	
  0.000000	  0.000126	  0.999874	  0.000000	
  0.000000	  0.000000	  0.000378	  0.999622	
  0.004138	  0.000376	  0.994583	  0.000903	
  0.027207	  0.681978	  0.080348	  0.210467	
  0.609233	  0.071332	  0.245091	  0.074343	

MOTIF GSX1

letter-probability matrix: alength= 4 w= 8 nsites= 20 E= 0
  0.116865	  0.394291	  0.118633	  0.370211	
  0.000000	  0.006021	  0.000000	  0.993979	
  0.971019	  0.028981	  0.000000	  0.000000	
  1.000000	  0.000000	  0.000000	  0.000000	
  0.000000	  0.028357	  0.000000	  0.971643	
  0.000000	  0.000000	  0.601211	  0.398789	
  0.811947	  0.000000	  0.188053	  0.000000	
  0.088953	  0.383081	  0.119969	  0.407998	

MOTIF ZNF547

letter-probability matrix: alength= 4 w= 8 nsites= 20 E= 0
  0.000000	  0.000000	  1.000000	  0.000000	
  0.000000	  1.000000	  0.000000	  0.000000	
  0.217391	  0.000000	  0.000000	  0.782609	
  1.000000	  0.000000	  0.000000	  0.000000	
  1.000000	  0.000000	  0.000000	  0.000000	
  0.000000	  0.000000	  0.000000	  1.000000	
  0.000000	  0.000000	  1.000000	  0.000000	
  0.000000	  1.000000	  0.000000	  0.000000	

MOTIF POU4F1

letter-probability matrix: alength= 4 w= 13 nsites= 20 E= 0
  0.620054	  0.097669	  0.215176	  0.067100	
  0.000000	  0.000000	  0.000000	  1.000000	
  0.351003	  0.173008	  0.324228	  0.151762	
  0.709888	  0.270027	  0.000000	  0.020085	
  1.000000	  0.000000	  0.000000	  0.000000	
  0.000000	  0.000000	  0.000000	  1.000000	
  0.636297	  0.017180	  0.022178	  0.324344	
  1.000000	  0.000000	  0.000000	  0.000000	
  0.000000	  0.000000	  0.000000	  1.000000	
  0.031049	  0.000000	  0.707222	  0.261730	
  0.000000	  0.714507	  0.061575	  0.223918	
  1.000000	  0.000000	  0.000000	  0.000000	
  0.098201	  0.079666	  0.109256	  0.712877	

MOTIF FOS

letter-probability matrix: alength= 4 w= 9 nsites= 20 E= 0
  0.515000	  0.071667	  0.231667	  0.181667	
  0.701095	  0.031299	  0.237872	  0.029734	
  0.000000	  0.116279	  0.082290	  0.801431	
  0.026975	  0.025048	  0.863198	  0.084778	
  0.819013	  0.010969	  0.074954	  0.095064	
  0.000000	  0.671875	  0.000000	  0.328125	
  0.668657	  0.002985	  0.294030	  0.034328	
  0.042629	  0.795737	  0.113677	  0.047957	
  0.172603	  0.079452	  0.613699	  0.134247	

MOTIF ZNF485

letter-probability matrix: alength= 4 w= 15 nsites= 20 E= 0
  0.727196	  0.041385	  0.196791	  0.034628	
  0.139358	  0.453547	  0.095439	  0.311655	
  0.929899	  0.054899	  0.007601	  0.007601	
  0.031250	  0.281250	  0.004223	  0.683277	
  0.453547	  0.061655	  0.294764	  0.190034	
  0.000845	  0.038007	  0.004223	  0.956926	
  0.000845	  0.997466	  0.000845	  0.000845	
  0.007601	  0.838682	  0.000845	  0.152872	
  0.000845	  0.983953	  0.000845	  0.014358	
  0.010980	  0.818412	  0.000845	  0.169764	
  0.794764	  0.068412	  0.061655	  0.075169	
  0.088682	  0.098818	  0.054899	  0.757601	
  0.102196	  0.081926	  0.021115	  0.794764	
  0.051520	  0.619088	  0.038007	  0.291385	
  0.038007	  0.646115	  0.085304	  0.230574	

MOTIF TFAP4

letter-probability matrix: alength= 4 w= 10 nsites= 20 E= 0
  0.538912	  0.166415	  0.228561	  0.066113	
  0.352704	  0.123993	  0.055236	  0.468067	
  0.000000	  1.000000	  0.000000	  0.000000	
  0.997552	  0.000000	  0.002448	  0.000000	
  0.000000	  0.039050	  0.928409	  0.032541	
  0.032205	  0.937562	  0.030233	  0.000000	
  0.000349	  0.002094	  0.002094	  0.995464	
  0.000000	  0.001050	  0.998950	  0.000000	
  0.455494	  0.055668	  0.117135	  0.371702	
  0.059696	  0.238783	  0.159125	  0.542395	

MOTIF ZNF32

letter-probability matrix: alength= 4 w= 15 nsites= 20 E= 0
  0.321262	  0.218792	  0.288385	  0.171562	
  0.089917	  0.334152	  0.167826	  0.408105	
  0.016415	  0.011426	  0.960573	  0.011587	
  0.170892	  0.110469	  0.032050	  0.686589	
  0.797335	  0.088978	  0.019434	  0.094253	
  0.973220	  0.007838	  0.008981	  0.009961	
  0.028265	  0.631055	  0.051799	  0.288881	
  0.269693	  0.403204	  0.170561	  0.156542	
  0.028358	  0.393892	  0.064194	  0.513556	
  0.148413	  0.018113	  0.760601	  0.072873	
  0.978567	  0.002781	  0.010798	  0.007853	
  0.026451	  0.393496	  0.059592	  0.520461	
  0.752826	  0.183623	  0.045079	  0.018473	
  0.026795	  0.715813	  0.097413	  0.159979	
  0.075768	  0.528538	  0.250834	  0.144860	

MOTIF ZBTB34

letter-probability matrix: alength= 4 w= 17 nsites= 20 E= 0
  0.399222	  0.088378	  0.354243	  0.158157	
  0.162443	  0.073222	  0.016933	  0.747402	
  0.002359	  0.968392	  0.002005	  0.027244	
  0.004651	  0.003816	  0.973286	  0.018247	
  0.002408	  0.007946	  0.985312	  0.004334	
  0.000355	  0.972577	  0.006619	  0.020449	
  0.006404	  0.389923	  0.000967	  0.602707	
  0.902371	  0.035726	  0.030895	  0.031008	
  0.834054	  0.122509	  0.021402	  0.022035	
  0.001702	  0.303391	  0.298043	  0.396864	
  0.490215	  0.042543	  0.187432	  0.279810	
  0.001757	  0.960178	  0.003982	  0.034083	
  0.002169	  0.000000	  0.934796	  0.063035	
  0.000000	  0.013919	  0.985361	  0.000720	
  0.048269	  0.888828	  0.024899	  0.038004	
  0.675369	  0.155036	  0.070188	  0.099408	
  0.243647	  0.215319	  0.197082	  0.343951	

MOTIF ARNT

letter-probability matrix: alength= 4 w= 10 nsites= 20 E= 0
  0.193073	  0.281523	  0.316462	  0.208942	
  0.193712	  0.121672	  0.398723	  0.285892	
  0.035845	  0.962137	  0.000000	  0.002018	
  0.896798	  0.008959	  0.072935	  0.021309	
  0.000000	  0.968152	  0.002966	  0.028882	
  0.036375	  0.004315	  0.959310	  0.000000	
  0.025171	  0.070701	  0.009920	  0.894208	
  0.001504	  0.005238	  0.973275	  0.019983	
  0.510553	  0.178248	  0.115310	  0.195889	
  0.062559	  0.521345	  0.144548	  0.271548	

MOTIF ARGFX

letter-probability matrix: alength= 4 w= 10 nsites= 20 E= 0
  0.234674	  0.105492	  0.269275	  0.390560	
  0.101035	  0.655226	  0.069042	  0.174698	
  0.014929	  0.062483	  0.005308	  0.917280	
  0.996995	  0.002765	  0.000000	  0.000240	
  1.000000	  0.000000	  0.000000	  0.000000	
  0.000000	  0.000000	  0.000000	  1.000000	
  0.000000	  0.002645	  0.000000	  0.997355	
  0.845170	  0.025423	  0.076014	  0.053393	
  0.572790	  0.031188	  0.346167	  0.049856	
  0.420916	  0.247016	  0.141712	  0.190356	

MOTIF HSF2

letter-probability matrix: alength= 4 w= 15 nsites= 20 E= 0
  0.351802	  0.290702	  0.338086	  0.019410	
  0.005061	  0.003584	  0.989121	  0.002234	
  0.975176	  0.005174	  0.002466	  0.017184	
  0.874379	  0.017620	  0.014781	  0.093221	
  0.136140	  0.344720	  0.225249	  0.293890	
  0.273774	  0.176807	  0.423137	  0.126282	
  0.145656	  0.032298	  0.035794	  0.786252	
  0.080482	  0.002872	  0.116270	  0.800377	
  0.004107	  0.986172	  0.003805	  0.005916	
  0.005893	  0.187039	  0.237622	  0.569446	
  0.581016	  0.203463	  0.208545	  0.006976	
  0.010221	  0.014354	  0.954792	  0.020633	
  0.811222	  0.093530	  0.016385	  0.078862	
  0.684164	  0.083372	  0.068965	  0.163500	
  0.223082	  0.266983	  0.295016	  0.214918	

MOTIF ZNF334

letter-probability matrix: alength= 4 w= 28 nsites= 20 E= 0
  0.888889	  0.000000	  0.111111	  0.000000	
  0.888889	  0.000000	  0.000000	  0.111111	
  0.777778	  0.000000	  0.222222	  0.000000	
  0.111111	  0.111111	  0.555556	  0.222222	
  0.222222	  0.000000	  0.000000	  0.777778	
  0.000000	  0.111111	  0.333333	  0.555556	
  0.777778	  0.000000	  0.111111	  0.111111	
  0.000000	  0.111111	  0.444444	  0.444444	
  0.333333	  0.111111	  0.333333	  0.222222	
  0.222222	  0.000000	  0.000000	  0.777778	
  0.000000	  0.000000	  0.000000	  1.000000	
  0.111111	  0.000000	  0.000000	  0.888889	
  0.000000	  0.333333	  0.444444	  0.222222	
  0.777778	  0.111111	  0.000000	  0.111111	
  0.000000	  0.111111	  0.666667	  0.222222	
  0.333333	  0.000000	  0.111111	  0.555556	
  0.333333	  0.222222	  0.444444	  0.000000	
  0.444444	  0.000000	  0.000000	  0.555556	
  0.111111	  0.000000	  0.555556	  0.333333	
  0.222222	  0.000000	  0.444444	  0.333333	
  0.888889	  0.000000	  0.111111	  0.000000	
  0.666667	  0.111111	  0.000000	  0.222222	
  0.111111	  0.000000	  0.000000	  0.888889	
  0.222222	  0.444444	  0.222222	  0.111111	
  1.000000	  0.000000	  0.000000	  0.000000	
  0.333333	  0.000000	  0.666667	  0.000000	
  0.444444	  0.000000	  0.555556	  0.000000	
  0.777778	  0.000000	  0.111111	  0.111111	

MOTIF KLF11

letter-probability matrix: alength= 4 w= 13 nsites= 20 E= 0
  0.242510	  0.265725	  0.285961	  0.205804	
  0.422284	  0.119261	  0.384090	  0.074364	
  0.164532	  0.633006	  0.085989	  0.116473	
  0.052927	  0.871854	  0.013129	  0.062090	
  0.652909	  0.187423	  0.114093	  0.045576	
  0.022110	  0.972095	  0.002135	  0.003660	
  0.184092	  0.027373	  0.715167	  0.073368	
  0.002178	  0.991755	  0.000778	  0.005289	
  0.002651	  0.994230	  0.003119	  0.000000	
  0.006897	  0.862069	  0.003516	  0.127519	
  0.351905	  0.525107	  0.018985	  0.104003	
  0.105908	  0.617582	  0.062606	  0.213904	
  0.198902	  0.398745	  0.133804	  0.268549	

MOTIF ZNF704

letter-probability matrix: alength= 4 w= 12 nsites= 20 E= 0
  0.173407	  0.371563	  0.114072	  0.340958	
  0.360649	  0.032702	  0.581936	  0.024712	
  0.001751	  0.978656	  0.018113	  0.001480	
  0.003071	  0.994472	  0.001589	  0.000868	
  0.001164	  0.002201	  0.993883	  0.002752	
  0.005210	  0.027699	  0.966967	  0.000124	
  0.000494	  0.966847	  0.027799	  0.004860	
  0.003385	  0.993231	  0.001946	  0.001438	
  0.000806	  0.001421	  0.995927	  0.001845	
  0.001085	  0.017272	  0.979412	  0.002232	
  0.024177	  0.584036	  0.032992	  0.358795	
  0.339595	  0.116329	  0.373863	  0.170213	

MOTIF ZNF76

letter-probability matrix: alength= 4 w= 21 nsites= 20 E= 0
  0.688058	  0.125558	  0.134487	  0.051897	
  0.467076	  0.150112	  0.143415	  0.239397	
  0.089844	  0.404576	  0.123326	  0.382254	
  0.036272	  0.038505	  0.016183	  0.909040	
  0.007254	  0.982701	  0.000558	  0.009487	
  0.000558	  0.998326	  0.000558	  0.000558	
  0.000558	  0.993862	  0.000558	  0.005022	
  0.792969	  0.000558	  0.188058	  0.018415	
  0.074219	  0.107701	  0.705915	  0.112165	
  0.395647	  0.404576	  0.185826	  0.013951	
  0.752790	  0.011719	  0.223772	  0.011719	
  0.065290	  0.038505	  0.397879	  0.498326	
  0.049665	  0.221540	  0.659040	  0.069755	
  0.018415	  0.953683	  0.020647	  0.007254	
  0.286272	  0.446987	  0.038504	  0.228237	
  0.147879	  0.469308	  0.138951	  0.243862	
  0.083147	  0.516183	  0.054130	  0.346540	
  0.078683	  0.036272	  0.826451	  0.058594	
  0.040737	  0.688058	  0.221540	  0.049665	
  0.109933	  0.040737	  0.757254	  0.092076	
  0.192522	  0.362165	  0.393415	  0.051897	

MOTIF ZNF140

letter-probability matrix: alength= 4 w= 14 nsites= 20 E= 0
  0.134406	  0.167534	  0.271888	  0.426171	
  0.012144	  0.000467	  0.986922	  0.000467	
  0.930837	  0.016300	  0.050441	  0.002423	
  0.000468	  0.000468	  0.988538	  0.010526	
  0.000000	  0.986231	  0.000233	  0.013536	
  0.040830	  0.000451	  0.953305	  0.005414	
  0.000236	  0.000236	  0.997404	  0.002124	
  0.999527	  0.000473	  0.000000	  0.000000	
  1.000000	  0.000000	  0.000000	  0.000000	
  0.000229	  0.030268	  0.000459	  0.969044	
  0.026878	  0.001838	  0.000459	  0.970825	
  0.001181	  0.000000	  0.998582	  0.000236	
  0.001397	  0.649278	  0.014439	  0.334886	
  0.346190	  0.132040	  0.115239	  0.406531	

MOTIF ZNF148

letter-probability matrix: alength= 4 w= 12 nsites= 20 E= 0
  0.077674	  0.016744	  0.230233	  0.675349	
  0.023601	  0.000000	  0.925699	  0.050699	
  0.084182	  0.059123	  0.819107	  0.037588	
  0.040657	  0.012543	  0.912630	  0.034170	
  0.000000	  0.000000	  0.983271	  0.016729	
  0.000937	  0.000937	  0.998126	  0.000000	
  0.979377	  0.000000	  0.000000	  0.020623	
  0.015646	  0.004917	  0.910148	  0.069289	
  0.015697	  0.000000	  0.982918	  0.001385	
  0.004466	  0.012506	  0.939705	  0.043323	
  0.047912	  0.008352	  0.922198	  0.021538	
  0.126814	  0.612647	  0.147892	  0.112647	

MOTIF FOXA1

letter-probability matrix: alength= 4 w= 16 nsites= 20 E= 0
  0.049572	  0.609579	  0.190079	  0.150770	
  0.238203	  0.486885	  0.256000	  0.018912	
  0.009133	  0.423855	  0.004803	  0.562208	
  0.069659	  0.002309	  0.000000	  0.928033	
  0.896897	  0.001618	  0.098443	  0.003042	
  0.679555	  0.002382	  0.007386	  0.310677	
  0.012079	  0.003475	  0.983299	  0.001147	
  0.000335	  0.025463	  0.000000	  0.974203	
  0.989649	  0.010045	  0.000238	  0.000068	
  0.995740	  0.003783	  0.000034	  0.000443	
  0.999761	  0.000034	  0.000205	  0.000000	
  0.000032	  0.891849	  0.000000	  0.108119	
  0.999248	  0.000274	  0.000000	  0.000479	
  0.885369	  0.022210	  0.023362	  0.069059	
  0.706166	  0.039325	  0.036889	  0.217621	
  0.176970	  0.406657	  0.265951	  0.150422	

MOTIF ZBTB49

letter-probability matrix: alength= 4 w= 17 nsites= 20 E= 0
  0.138889	  0.074187	  0.001016	  0.785908	
  0.000000	  0.000000	  1.000000	  0.000000	
  0.958363	  0.001764	  0.039873	  0.000000	
  0.000000	  0.998211	  0.000000	  0.001789	
  0.168285	  0.408229	  0.423486	  0.000000	
  0.002845	  0.222973	  0.322546	  0.451636	
  0.052303	  0.041267	  0.837092	  0.069338	
  0.059869	  0.685014	  0.039591	  0.215527	
  0.004333	  0.980233	  0.000542	  0.014893	
  0.921815	  0.060384	  0.004887	  0.012914	
  0.375000	  0.128136	  0.492832	  0.004032	
  0.000305	  0.000000	  0.999695	  0.000000	
  0.014277	  0.967579	  0.005949	  0.012195	
  0.270247	  0.004021	  0.724584	  0.001149	
  0.549869	  0.105836	  0.256751	  0.087544	
  1.000000	  0.000000	  0.000000	  0.000000	
  0.947558	  0.000000	  0.052442	  0.000000	

MOTIF MEIS1

letter-probability matrix: alength= 4 w= 12 nsites= 20 E= 0
  0.076594	  0.092403	  0.037384	  0.793619	
  0.015933	  0.029900	  0.942776	  0.011391	
  0.790821	  0.017460	  0.089746	  0.101973	
  0.005764	  0.977367	  0.004569	  0.012301	
  0.926321	  0.001399	  0.066884	  0.005396	
  0.018628	  0.277618	  0.495109	  0.208645	
  0.215318	  0.479684	  0.288745	  0.016253	
  0.004342	  0.066070	  0.000668	  0.928920	
  0.014180	  0.002878	  0.976132	  0.006809	
  0.106121	  0.092778	  0.011583	  0.789519	
  0.011798	  0.942840	  0.028275	  0.017087	
  0.785327	  0.040890	  0.088558	  0.085225	

MOTIF VDR

MOTIF ZNF596

letter-probability matrix: alength= 4 w= 15 nsites= 20 E= 0
  0.474133	  0.178576	  0.277096	  0.070195	
  0.153939	  0.114537	  0.676101	  0.055423	
  0.474132	  0.208132	  0.282022	  0.035714	
  0.316496	  0.149013	  0.508622	  0.025868	
  0.341130	  0.040640	  0.474143	  0.144087	
  0.001232	  0.001232	  0.996305	  0.001232	
  0.991379	  0.001232	  0.006158	  0.001232	
  0.001232	  0.001232	  0.996305	  0.001232	
  0.301720	  0.296800	  0.326358	  0.075122	
  0.025862	  0.690883	  0.282023	  0.001232	
  0.444577	  0.424885	  0.030788	  0.099750	
  0.001232	  0.011084	  0.986453	  0.001232	
  0.887927	  0.020934	  0.089907	  0.001232	
  0.001232	  0.001232	  0.996305	  0.001232	
  0.326358	  0.626845	  0.045566	  0.001232	

MOTIF FOXA1

letter-probability matrix: alength= 4 w= 16 nsites= 20 E= 0
  0.039457	  0.528027	  0.245671	  0.186845	
  0.211562	  0.518269	  0.258554	  0.011615	
  0.006109	  0.283591	  0.003501	  0.706799	
  0.038756	  0.001723	  0.000000	  0.959520	
  0.913594	  0.001142	  0.084813	  0.000450	
  0.645796	  0.000323	  0.004308	  0.349573	
  0.002943	  0.001758	  0.994581	  0.000718	
  0.000000	  0.005978	  0.000000	  0.994022	
  0.992941	  0.006558	  0.000502	  0.000000	
  0.997235	  0.002262	  0.000503	  0.000000	
  0.999676	  0.000000	  0.000324	  0.000000	
  0.000104	  0.914580	  0.000000	  0.085315	
  0.999173	  0.000720	  0.000108	  0.000000	
  0.914314	  0.012265	  0.014098	  0.059323	
  0.760195	  0.015432	  0.017282	  0.207091	
  0.156136	  0.382115	  0.311481	  0.150268	

MOTIF ZNF764

letter-probability matrix: alength= 4 w= 21 nsites= 20 E= 0
  0.038462	  0.000000	  0.115385	  0.846153	
  0.115385	  0.000000	  0.846153	  0.038462	
  0.000000	  0.961538	  0.000000	  0.038462	
  1.000000	  0.000000	  0.000000	  0.000000	
  0.307692	  0.115385	  0.500000	  0.076923	
  0.115385	  0.692307	  0.115385	  0.076923	
  0.038462	  0.730769	  0.000000	  0.230769	
  0.115385	  0.653845	  0.038462	  0.192308	
  0.730769	  0.000000	  0.153846	  0.115385	
  0.000000	  0.038462	  0.961538	  0.000000	
  0.000000	  1.000000	  0.000000	  0.000000	
  0.000000	  0.115385	  0.000000	  0.884615	
  0.076923	  0.730769	  0.076923	  0.115385	
  0.000000	  0.115385	  0.000000	  0.884615	
  0.923077	  0.076923	  0.000000	  0.000000	
  0.038462	  0.346154	  0.076923	  0.538461	
  0.153846	  0.115385	  0.230769	  0.500000	
  0.769231	  0.000000	  0.230769	  0.000000	
  0.153846	  0.038462	  0.807692	  0.000000	
  0.615384	  0.307692	  0.038462	  0.038462	
  0.000000	  0.846153	  0.038462	  0.115385	

MOTIF DBP

letter-probability matrix: alength= 4 w= 12 nsites= 20 E= 0
  0.170770	  0.346307	  0.224782	  0.258141	
  0.258017	  0.179661	  0.482789	  0.079533	
  0.075072	  0.031521	  0.052016	  0.841390	
  0.043638	  0.049974	  0.134389	  0.771998	
  0.710668	  0.008660	  0.280672	  0.000000	
  0.000000	  1.000000	  0.000000	  0.000000	
  0.310503	  0.006836	  0.682661	  0.000000	
  0.000000	  0.250131	  0.011643	  0.738226	
  0.779245	  0.149990	  0.037652	  0.033113	
  0.872891	  0.050612	  0.041137	  0.035359	
  0.080658	  0.495273	  0.175399	  0.248670	
  0.243580	  0.240535	  0.348822	  0.167064	

MOTIF FOXG1

letter-probability matrix: alength= 4 w= 8 nsites= 20 E= 0
  0.374378	  0.001244	  0.623134	  0.001244	
  0.001106	  0.001106	  0.001106	  0.996681	
  0.996681	  0.001106	  0.001106	  0.001106	
  0.996681	  0.001106	  0.001106	  0.001106	
  0.996681	  0.001106	  0.001106	  0.001106	
  0.001106	  0.996681	  0.001106	  0.001106	
  0.996681	  0.001106	  0.001106	  0.001106	
  0.498344	  0.167219	  0.001656	  0.332781	

MOTIF ZNF468

letter-probability matrix: alength= 4 w= 12 nsites= 20 E= 0
  0.163043	  0.777537	  0.021015	  0.038406	
  0.426812	  0.009420	  0.461594	  0.102174	
  0.009420	  0.847101	  0.099275	  0.044203	
  0.000725	  0.989130	  0.003623	  0.006522	
  0.000725	  0.884783	  0.000725	  0.113768	
  0.000725	  0.997826	  0.000725	  0.000725	
  0.000725	  0.994928	  0.000725	  0.003623	
  0.029710	  0.000725	  0.006522	  0.963044	
  0.000725	  0.997826	  0.000725	  0.000725	
  0.009420	  0.983333	  0.003623	  0.003623	
  0.009420	  0.934058	  0.009420	  0.047101	
  0.258696	  0.307971	  0.087681	  0.345652	

MOTIF SOX11

letter-probability matrix: alength= 4 w= 9 nsites= 20 E= 0
  0.260687	  0.240644	  0.285237	  0.213432	
  0.308597	  0.215301	  0.230912	  0.245191	
  0.304580	  0.151250	  0.304580	  0.239591	
  0.402292	  0.201780	  0.280670	  0.115259	
  0.908125	  0.008260	  0.020726	  0.062890	
  0.013182	  0.712568	  0.112042	  0.162207	
  0.986658	  0.008451	  0.004197	  0.000694	
  0.930102	  0.042747	  0.026985	  0.000166	
  0.307049	  0.065171	  0.045468	  0.582313	

MOTIF ZNF740

letter-probability matrix: alength= 4 w= 13 nsites= 20 E= 0
  0.176303	  0.475829	  0.172512	  0.175355	
  0.125679	  0.525213	  0.055857	  0.293251	
  0.298318	  0.140747	  0.432909	  0.128026	
  0.049958	  0.878435	  0.030808	  0.040799	
  0.093220	  0.894068	  0.011864	  0.000847	
  0.016468	  0.965233	  0.003660	  0.014639	
  0.020018	  0.959964	  0.006369	  0.013649	
  0.021062	  0.966117	  0.002747	  0.010073	
  0.009276	  0.978664	  0.006494	  0.005566	
  0.001881	  0.992474	  0.002822	  0.002822	
  0.097458	  0.894068	  0.005085	  0.003390	
  0.705214	  0.159759	  0.045455	  0.089572	
  0.132522	  0.675416	  0.034571	  0.157490	

MOTIF RXRG

letter-probability matrix: alength= 4 w= 14 nsites= 20 E= 0
  0.223952	  0.108770	  0.613293	  0.053984	
  0.404125	  0.001792	  0.593514	  0.000569	
  0.002069	  0.000169	  0.994511	  0.003251	
  0.003868	  0.000341	  0.846145	  0.149645	
  0.000127	  0.000891	  0.003207	  0.995775	
  0.000454	  0.923740	  0.011899	  0.063906	
  0.997895	  0.000000	  0.002000	  0.000105	
  0.956753	  0.000389	  0.026925	  0.015933	
  0.952687	  0.000000	  0.047168	  0.000144	
  0.000304	  0.000034	  0.998985	  0.000677	
  0.000377	  0.000031	  0.876653	  0.122938	
  0.000053	  0.000451	  0.003553	  0.995943	
  0.001445	  0.925669	  0.017323	  0.055563	
  0.938751	  0.001101	  0.059457	  0.000691	

MOTIF ZNF287

letter-probability matrix: alength= 4 w= 33 nsites= 20 E= 0
  0.711466	  0.091165	  0.113722	  0.083647	
  0.816729	  0.031015	  0.083647	  0.068609	
  0.839286	  0.046053	  0.072368	  0.042293	
  0.752820	  0.057331	  0.072368	  0.117481	
  0.658835	  0.008459	  0.324248	  0.008459	
  0.876880	  0.046053	  0.053571	  0.023496	
  0.865602	  0.012218	  0.106203	  0.015977	
  0.929511	  0.012218	  0.042293	  0.015977	
  0.959587	  0.015977	  0.004699	  0.019737	
  0.677631	  0.049812	  0.252820	  0.019737	
  0.609962	  0.121241	  0.170113	  0.098684	
  0.527256	  0.061090	  0.125000	  0.286654	
  0.696429	  0.064850	  0.173872	  0.064850	
  0.692669	  0.072368	  0.222744	  0.012218	
  0.594925	  0.297932	  0.057331	  0.049812	
  0.700188	  0.098684	  0.049812	  0.151316	
  0.500940	  0.023496	  0.463346	  0.012218	
  0.921993	  0.000940	  0.046053	  0.031015	
  0.425752	  0.305451	  0.245301	  0.023496	
  0.572368	  0.245301	  0.068609	  0.113722	
  0.373120	  0.061090	  0.064850	  0.500940	
  0.493421	  0.000940	  0.354323	  0.151316	
  0.519737	  0.072368	  0.406955	  0.000940	
  0.850564	  0.091165	  0.008459	  0.049812	
  0.655075	  0.038534	  0.215226	  0.091165	
  0.406955	  0.023496	  0.549812	  0.019737	
  0.790414	  0.061090	  0.038534	  0.109962	
  0.354323	  0.346805	  0.173872	  0.125000	
  0.651316	  0.121241	  0.091165	  0.136278	
  0.478383	  0.094925	  0.234023	  0.192669	
  0.647556	  0.072368	  0.155075	  0.125000	
  0.448308	  0.128759	  0.260338	  0.162594	
  0.455827	  0.158835	  0.207707	  0.177632	

MOTIF SOX21

letter-probability matrix: alength= 4 w= 13 nsites= 20 E= 0
  0.220751	  0.036424	  0.009382	  0.733444	
  0.004491	  0.994760	  0.000000	  0.000749	
  0.997748	  0.002252	  0.000000	  0.000000	
  0.675305	  0.324187	  0.000508	  0.000000	
  0.000000	  0.005216	  0.004471	  0.990313	
  0.709023	  0.012030	  0.257143	  0.021805	
  0.416855	  0.313017	  0.116629	  0.153499	
  0.098422	  0.794891	  0.000000	  0.106687	
  0.997748	  0.000000	  0.000000	  0.002252	
  0.000739	  0.005908	  0.011817	  0.981536	
  0.002987	  0.003734	  0.000747	  0.992532	
  0.012500	  0.010294	  0.977206	  0.000000	
  0.795332	  0.055655	  0.016756	  0.132256	

MOTIF ZNF692

letter-probability matrix: alength= 4 w= 13 nsites= 20 E= 0
  0.224939	  0.224939	  0.391198	  0.158924	
  0.122249	  0.320293	  0.471883	  0.085575	
  0.102689	  0.386308	  0.171149	  0.339853	
  0.070905	  0.095355	  0.699266	  0.134474	
  0.000000	  0.000000	  1.000000	  0.000000	
  0.000000	  0.000000	  0.997555	  0.002445	
  0.134474	  0.237164	  0.528118	  0.100244	
  0.007335	  0.948655	  0.002445	  0.041565	
  0.000000	  0.995110	  0.004890	  0.000000	
  0.000000	  1.000000	  0.000000	  0.000000	
  0.943765	  0.000000	  0.056235	  0.000000	
  0.000000	  0.929095	  0.036675	  0.034230	
  0.264059	  0.535452	  0.036675	  0.163814	

MOTIF ZNF329

letter-probability matrix: alength= 4 w= 21 nsites= 20 E= 0
  0.013105	  0.968750	  0.013105	  0.005040	
  0.037298	  0.251008	  0.001008	  0.710685	
  0.065524	  0.033266	  0.630040	  0.271169	
  0.009073	  0.025202	  0.960685	  0.005040	
  0.783266	  0.037298	  0.113911	  0.065524	
  0.025202	  0.037298	  0.303427	  0.634073	
  0.045363	  0.831653	  0.097782	  0.025202	
  0.480847	  0.388105	  0.093750	  0.037298	
  0.541331	  0.226815	  0.146169	  0.085685	
  0.218750	  0.194556	  0.553427	  0.033266	
  0.005040	  0.904234	  0.069556	  0.021169	
  0.081653	  0.613911	  0.037298	  0.267137	
  0.246976	  0.194556	  0.384073	  0.174395	
  0.130040	  0.206653	  0.214718	  0.448589	
  0.339718	  0.101815	  0.339718	  0.218750	
  0.017137	  0.843750	  0.134073	  0.005040	
  0.013105	  0.952621	  0.033266	  0.001008	
  0.041331	  0.033266	  0.049395	  0.876008	
  0.009073	  0.065524	  0.912298	  0.013105	
  0.621976	  0.275202	  0.085685	  0.017137	
  0.674395	  0.073589	  0.085685	  0.166331	

MOTIF EN2

letter-probability matrix: alength= 4 w= 10 nsites= 20 E= 0
  0.204819	  0.209337	  0.390060	  0.195783	
  0.205128	  0.214178	  0.232278	  0.348416	
  0.084239	  0.014946	  0.000000	  0.900815	
  0.858808	  0.024611	  0.116580	  0.000000	
  0.995495	  0.000000	  0.004505	  0.000000	
  0.000000	  0.000000	  0.000000	  1.000000	
  0.023968	  0.079893	  0.013316	  0.882823	
  0.496229	  0.000000	  0.503771	  0.000000	
  0.284639	  0.206325	  0.365964	  0.143072	
  0.307692	  0.146305	  0.260935	  0.285068	

MOTIF ATF6

letter-probability matrix: alength= 4 w= 12 nsites= 20 E= 0
  0.133655	  0.150795	  0.526234	  0.189315	
  0.355306	  0.108546	  0.519520	  0.016629	
  0.001342	  0.011095	  0.006129	  0.981434	
  0.001297	  0.005052	  0.980820	  0.012831	
  0.991145	  0.006144	  0.002530	  0.000181	
  0.001133	  0.994154	  0.003308	  0.001405	
  0.001182	  0.000955	  0.997136	  0.000727	
  0.000000	  0.000136	  0.006115	  0.993749	
  0.010935	  0.000268	  0.979113	  0.009685	
  0.002043	  0.001362	  0.829885	  0.166711	
  0.022861	  0.957114	  0.004101	  0.015924	
  0.649053	  0.048994	  0.243314	  0.058639	

MOTIF VDR

letter-probability matrix: alength= 4 w= 16 nsites= 20 E= 0
  0.003543	  0.096065	  0.003258	  0.897135	
  0.035155	  0.001536	  0.963162	  0.000147	
  0.938594	  0.040214	  0.012670	  0.008522	
  0.920508	  0.079208	  0.000221	  0.000063	
  0.000176	  0.999542	  0.000070	  0.000211	
  0.000090	  0.378429	  0.000420	  0.621060	
  0.014725	  0.728580	  0.069370	  0.187325	
  0.393895	  0.074511	  0.360522	  0.171072	
  0.582524	  0.048650	  0.260626	  0.108200	
  0.005294	  0.091986	  0.003277	  0.899443	
  0.018441	  0.001293	  0.979369	  0.000897	
  0.948312	  0.028947	  0.014332	  0.008410	
  0.883678	  0.115783	  0.000389	  0.000150	
  0.000388	  0.999153	  0.000176	  0.000282	
  0.000030	  0.378534	  0.000331	  0.621105	
  0.005533	  0.764736	  0.047046	  0.182685	

MOTIF TEAD2

letter-probability matrix: alength= 4 w= 10 nsites= 20 E= 0
  0.106867	  0.556850	  0.114732	  0.221550	
  0.508110	  0.000000	  0.491890	  0.000000	
  0.071135	  0.928865	  0.000000	  0.000000	
  0.999705	  0.000000	  0.000295	  0.000000	
  0.000000	  0.000000	  0.000000	  1.000000	
  0.161711	  0.000000	  0.006257	  0.832031	
  0.000000	  1.000000	  0.000000	  0.000000	
  0.000000	  0.954624	  0.000000	  0.045376	
  0.583822	  0.006425	  0.116376	  0.293377	
  0.267682	  0.246547	  0.169673	  0.316097	

MOTIF GATA1

letter-probability matrix: alength= 4 w= 12 nsites= 20 E= 0
  0.280645	  0.345161	  0.051613	  0.322581	
  0.012346	  0.006173	  0.956790	  0.024691	
  0.965732	  0.000000	  0.018692	  0.015576	
  0.006289	  0.018868	  0.000000	  0.974843	
  0.824468	  0.013298	  0.000000	  0.162234	
  0.729412	  0.077647	  0.096471	  0.096471	
  0.001828	  0.566728	  0.252285	  0.179159	
  0.195489	  0.184211	  0.582707	  0.037594	
  0.780856	  0.052897	  0.098237	  0.068010	
  0.051546	  0.090206	  0.059278	  0.798969	
  0.127907	  0.720930	  0.086047	  0.065116	
  0.346988	  0.069880	  0.183133	  0.400000	

MOTIF FOXL1

letter-probability matrix: alength= 4 w= 13 nsites= 20 E= 0
  0.272199	  0.142188	  0.143874	  0.441738	
  0.298190	  0.046464	  0.521739	  0.133607	
  0.129027	  0.050368	  0.024203	  0.796402	
  0.766376	  0.140223	  0.011160	  0.082242	
  0.833549	  0.056951	  0.038312	  0.071188	
  0.909650	  0.002797	  0.074965	  0.012587	
  0.003768	  0.419988	  0.000198	  0.576046	
  0.984061	  0.007084	  0.002952	  0.005903	
  0.939140	  0.011167	  0.013959	  0.035734	
  0.849468	  0.012924	  0.042321	  0.095286	
  0.038979	  0.659675	  0.039329	  0.262017	
  0.828822	  0.055596	  0.057547	  0.058035	
  0.434024	  0.178504	  0.154544	  0.232928	

MOTIF ZIC1

letter-probability matrix: alength= 4 w= 16 nsites= 20 E= 0
  0.059133	  0.002893	  0.398283	  0.539691	
  0.005112	  0.993915	  0.000876	  0.000097	
  0.709031	  0.028026	  0.190426	  0.072516	
  0.000049	  0.999658	  0.000049	  0.000245	
  0.991566	  0.004729	  0.001901	  0.001804	
  0.001368	  0.000049	  0.998584	  0.000000	
  0.000049	  0.992776	  0.000244	  0.006931	
  0.291641	  0.000044	  0.708315	  0.000000	
  0.000000	  0.000098	  0.999902	  0.000000	
  0.000000	  0.000000	  1.000000	  0.000000	
  0.001749	  0.000097	  0.986592	  0.011562	
  0.000098	  0.000000	  0.999120	  0.000782	
  0.000000	  0.000000	  0.999071	  0.000929	
  0.000235	  0.043231	  0.035187	  0.921347	
  0.141798	  0.808053	  0.041181	  0.008968	
  0.100733	  0.243032	  0.272323	  0.383912	

MOTIF ZFP3

letter-probability matrix: alength= 4 w= 18 nsites= 20 E= 0
  0.114672	  0.014957	  0.801282	  0.069088	
  0.106125	  0.074786	  0.701567	  0.117521	
  0.391026	  0.180199	  0.197293	  0.231481	
  0.128917	  0.117521	  0.063390	  0.690171	
  0.165954	  0.051994	  0.724359	  0.057692	
  0.416667	  0.208689	  0.131766	  0.242877	
  0.467949	  0.080484	  0.402422	  0.049145	
  0.003561	  0.080484	  0.108974	  0.806980	
  0.986467	  0.000712	  0.000712	  0.012108	
  0.063390	  0.014957	  0.906695	  0.014957	
  0.040598	  0.000712	  0.957977	  0.000712	
  0.995014	  0.000712	  0.000712	  0.003561	
  0.006410	  0.000712	  0.992165	  0.000712	
  0.017806	  0.225783	  0.054843	  0.701567	
  0.034900	  0.188746	  0.077635	  0.698718	
  0.032051	  0.499288	  0.077635	  0.391026	
  0.228632	  0.114672	  0.399573	  0.257123	
  0.123219	  0.448006	  0.157407	  0.271368	

MOTIF ZHX1

letter-probability matrix: alength= 4 w= 8 nsites= 20 E= 0
  0.207221	  0.274180	  0.163006	  0.355593	
  0.212011	  0.246322	  0.166774	  0.374893	
  0.519349	  0.026912	  0.240465	  0.213274	
  0.116550	  0.577278	  0.013713	  0.292459	
  0.113498	  0.240275	  0.396146	  0.250081	
  0.178152	  0.224222	  0.263127	  0.334500	
  0.296550	  0.196805	  0.271026	  0.235619	
  0.293103	  0.230563	  0.254812	  0.221522	

MOTIF IRF4

letter-probability matrix: alength= 4 w= 15 nsites= 20 E= 0
  0.259402	  0.355712	  0.144933	  0.239953	
  0.035277	  0.716239	  0.023702	  0.224782	
  0.033359	  0.012551	  0.939778	  0.014312	
  0.878732	  0.064855	  0.037266	  0.019148	
  0.818330	  0.009012	  0.033458	  0.139200	
  0.981149	  0.003563	  0.001149	  0.014138	
  0.055367	  0.734644	  0.172582	  0.037407	
  0.014263	  0.666207	  0.003796	  0.315735	
  0.030303	  0.001922	  0.965174	  0.002601	
  0.925111	  0.045952	  0.016907	  0.012030	
  0.774803	  0.008260	  0.056821	  0.160116	
  0.974874	  0.009251	  0.002056	  0.013819	
  0.080379	  0.713932	  0.165705	  0.039984	
  0.136218	  0.369799	  0.079728	  0.414256	
  0.390887	  0.185428	  0.259927	  0.163758	

MOTIF LMX1A

letter-probability matrix: alength= 4 w= 8 nsites= 20 E= 0
  0.094000	  0.221187	  0.137486	  0.547327	
  0.052456	  0.116895	  0.016376	  0.814272	
  0.769986	  0.059927	  0.048974	  0.121113	
  0.957270	  0.005791	  0.009861	  0.027078	
  0.019011	  0.005228	  0.006812	  0.968948	
  0.054737	  0.059241	  0.051188	  0.834835	
  0.749694	  0.012626	  0.165727	  0.071954	
  0.440320	  0.197515	  0.231687	  0.130477	

MOTIF FOXP3

letter-probability matrix: alength= 4 w= 17 nsites= 20 E= 0
  0.120256	  0.365032	  0.312154	  0.202559	
  0.925973	  0.000000	  0.005499	  0.068528	
  0.269476	  0.000000	  0.000851	  0.729672	
  0.038099	  0.000856	  0.000000	  0.961045	
  0.000000	  0.000000	  0.000000	  1.000000	
  0.000427	  0.000000	  0.999573	  0.000000	
  0.000000	  0.001279	  0.000426	  0.998294	
  0.997454	  0.000000	  0.000000	  0.002546	
  0.000000	  0.142494	  0.000000	  0.857506	
  0.002169	  0.000434	  0.994360	  0.003037	
  1.000000	  0.000000	  0.000000	  0.000000	
  0.000000	  0.857478	  0.001566	  0.140955	
  0.873364	  0.000000	  0.126636	  0.000000	
  0.991736	  0.000435	  0.000435	  0.007395	
  0.796895	  0.000420	  0.000000	  0.202686	
  0.074916	  0.000000	  0.001263	  0.923822	
  0.224403	  0.273464	  0.351109	  0.151024	

MOTIF HSF1

letter-probability matrix: alength= 4 w= 15 nsites= 20 E= 0
  0.304027	  0.271321	  0.398101	  0.026552	
  0.006522	  0.010127	  0.975970	  0.007381	
  0.874500	  0.051676	  0.010612	  0.063211	
  0.803448	  0.044652	  0.028543	  0.123357	
  0.115175	  0.378055	  0.185687	  0.321083	
  0.259761	  0.145445	  0.520753	  0.074042	
  0.147526	  0.040416	  0.053621	  0.758437	
  0.091238	  0.011942	  0.133906	  0.762914	
  0.002088	  0.989214	  0.008699	  0.000000	
  0.019170	  0.171474	  0.296694	  0.512663	
  0.502374	  0.229471	  0.253561	  0.014595	
  0.002398	  0.013872	  0.973797	  0.009933	
  0.748256	  0.115805	  0.015792	  0.120147	
  0.615168	  0.102780	  0.094233	  0.187818	
  0.180443	  0.300563	  0.302849	  0.216145	

MOTIF PKNOX2

letter-probability matrix: alength= 4 w= 12 nsites= 20 E= 0
  0.029887	  0.000000	  0.007270	  0.962843	
  0.000716	  0.004298	  0.994986	  0.000000	
  0.980803	  0.002618	  0.011344	  0.005236	
  0.000000	  0.992851	  0.000000	  0.007149	
  0.995741	  0.000000	  0.000852	  0.003407	
  0.004919	  0.000000	  0.912157	  0.082923	
  0.037321	  0.290909	  0.671770	  0.000000	
  0.000000	  0.003311	  0.000000	  0.996689	
  0.002183	  0.000728	  0.997089	  0.000000	
  0.008258	  0.023947	  0.004129	  0.963666	
  0.008560	  0.984436	  0.004669	  0.002335	
  0.974611	  0.000819	  0.017199	  0.007371	

MOTIF ZNF614

letter-probability matrix: alength= 4 w= 21 nsites= 20 E= 0
  0.769231	  0.000000	  0.230769	  0.000000	
  0.000000	  0.000000	  1.000000	  0.000000	
  0.461538	  0.461538	  0.076923	  0.000000	
  0.000000	  0.000000	  0.000000	  1.000000	
  0.000000	  0.384615	  0.615385	  0.000000	
  0.846154	  0.153846	  0.000000	  0.000000	
  0.538462	  0.153846	  0.307692	  0.000000	
  0.307692	  0.076923	  0.615385	  0.000000	
  0.000000	  0.000000	  0.230769	  0.769231	
  0.000000	  1.000000	  0.000000	  0.000000	
  0.846154	  0.000000	  0.000000	  0.153846	
  0.000000	  0.461538	  0.230769	  0.307692	
  0.153846	  0.461538	  0.153846	  0.230769	
  0.384615	  0.461538	  0.000000	  0.153846	
  0.076923	  0.307692	  0.307692	  0.307692	
  0.307692	  0.000000	  0.000000	  0.692308	
  0.000000	  0.769231	  0.230769	  0.000000	
  0.307692	  0.076923	  0.000000	  0.615385	
  0.230769	  0.230769	  0.230769	  0.307692	
  0.538462	  0.153846	  0.307692	  0.000000	
  0.000000	  0.615385	  0.000000	  0.384615	

MOTIF ATOH1

letter-probability matrix: alength= 4 w= 14 nsites= 20 E= 0
  0.067320	  0.002121	  0.923540	  0.007019	
  0.014801	  0.659420	  0.011446	  0.314334	
  0.485880	  0.082523	  0.429097	  0.002500	
  0.519845	  0.316264	  0.106131	  0.057761	
  0.001215	  0.998785	  0.000000	  0.000000	
  0.987064	  0.004201	  0.003934	  0.004801	
  0.000000	  0.023935	  0.842559	  0.133506	
  0.108199	  0.877835	  0.013966	  0.000000	
  0.002698	  0.004296	  0.006994	  0.986012	
  0.000000	  0.000000	  1.000000	  0.000000	
  0.042829	  0.130987	  0.114673	  0.711511	
  0.003479	  0.292643	  0.199959	  0.503918	
  0.718795	  0.019642	  0.238303	  0.023260	
  0.000000	  0.998381	  0.000000	  0.001619	

MOTIF ZNF783

letter-probability matrix: alength= 4 w= 8 nsites= 20 E= 0
  0.000000	  1.000000	  0.000000	  0.000000	
  0.000000	  0.467811	  0.429185	  0.103004	
  0.000000	  0.000000	  1.000000	  0.000000	
  0.000000	  1.000000	  0.000000	  0.000000	
  0.000000	  0.000000	  1.000000	  0.000000	
  0.000000	  0.000000	  0.500000	  0.500000	
  0.000000	  1.000000	  0.000000	  0.000000	
  0.000000	  1.000000	  0.000000	  0.000000	

MOTIF XBP1

letter-probability matrix: alength= 4 w= 14 nsites= 20 E= 0
  0.127956	  0.124578	  0.646228	  0.101239	
  0.530251	  0.262013	  0.188646	  0.019089	
  0.011062	  0.020801	  0.005771	  0.962366	
  0.004530	  0.006083	  0.940202	  0.049185	
  0.997372	  0.000876	  0.001752	  0.000000	
  0.000876	  0.994569	  0.000000	  0.004555	
  0.001356	  0.000271	  0.997153	  0.001220	
  0.014301	  0.033450	  0.002060	  0.950188	
  0.055250	  0.027750	  0.896125	  0.020875	
  0.031610	  0.007551	  0.487458	  0.473381	
  0.180904	  0.714575	  0.028605	  0.075916	
  0.446168	  0.297780	  0.132880	  0.123173	
  0.209906	  0.284552	  0.119929	  0.385613	
  0.300049	  0.097422	  0.067867	  0.534663	

MOTIF ZNF285

letter-probability matrix: alength= 4 w= 21 nsites= 20 E= 0
  0.035714	  0.011905	  0.952381	  0.000000	
  0.000000	  1.000000	  0.000000	  0.000000	
  0.000000	  0.964286	  0.000000	  0.035714	
  0.642857	  0.202381	  0.107143	  0.047619	
  0.916666	  0.059524	  0.023810	  0.000000	
  0.000000	  0.000000	  0.000000	  1.000000	
  0.000000	  0.047619	  0.130952	  0.821429	
  0.071429	  0.285714	  0.083333	  0.559524	
  0.000000	  0.988095	  0.000000	  0.011905	
  0.035714	  0.500000	  0.000000	  0.464286	
  0.297619	  0.119048	  0.547619	  0.035714	
  0.000000	  0.023810	  0.023810	  0.952380	
  0.083333	  0.000000	  0.904762	  0.011905	
  0.000000	  0.000000	  1.000000	  0.000000	
  0.000000	  0.011905	  0.000000	  0.988095	
  0.059524	  0.000000	  0.940476	  0.000000	
  0.000000	  0.011905	  0.000000	  0.988095	
  0.988095	  0.011905	  0.000000	  0.000000	
  1.000000	  0.000000	  0.000000	  0.000000	
  0.988095	  0.000000	  0.000000	  0.011905	
  0.000000	  0.166667	  0.047619	  0.785714	

MOTIF ZNF121

letter-probability matrix: alength= 4 w= 24 nsites= 20 E= 0
  0.286074	  0.416946	  0.276007	  0.020973	
  0.044463	  0.816275	  0.071309	  0.067953	
  0.222315	  0.057886	  0.450503	  0.269295	
  0.014262	  0.007550	  0.957215	  0.020973	
  0.037752	  0.114933	  0.826342	  0.020973	
  0.255872	  0.373322	  0.359899	  0.010906	
  0.000839	  0.980705	  0.017617	  0.000839	
  0.567953	  0.359899	  0.007550	  0.064597	
  0.413591	  0.091443	  0.413591	  0.081376	
  0.198826	  0.282718	  0.416946	  0.101510	
  0.272651	  0.118289	  0.450503	  0.158557	
  0.067953	  0.500839	  0.151846	  0.279362	
  0.645134	  0.051175	  0.067953	  0.235738	
  0.017617	  0.041107	  0.826342	  0.114933	
  0.094799	  0.628356	  0.074664	  0.202181	
  0.299497	  0.286074	  0.339765	  0.074664	
  0.500839	  0.215604	  0.145134	  0.138423	
  0.044463	  0.034396	  0.873322	  0.047819	
  0.588087	  0.017617	  0.316275	  0.078020	
  0.020973	  0.631711	  0.078020	  0.269295	
  0.054530	  0.755872	  0.098154	  0.091443	
  0.037752	  0.863255	  0.031040	  0.067953	
  0.175336	  0.567953	  0.034396	  0.222315	
  0.329698	  0.222315	  0.296141	  0.151846	

MOTIF BARX1

letter-probability matrix: alength= 4 w= 8 nsites= 20 E= 0
  0.158266	  0.355621	  0.204409	  0.281705	
  0.000000	  0.000000	  0.000000	  1.000000	
  1.000000	  0.000000	  0.000000	  0.000000	
  1.000000	  0.000000	  0.000000	  0.000000	
  0.000000	  0.026652	  0.028734	  0.944614	
  0.012787	  0.203704	  0.292769	  0.490741	
  0.218165	  0.032195	  0.672425	  0.077215	
  0.128857	  0.328534	  0.267558	  0.275051	

MOTIF ZNF337

letter-probability matrix: alength= 4 w= 15 nsites= 20 E= 0
  0.061956	  0.018478	  0.879348	  0.040217	
  0.840217	  0.022826	  0.096739	  0.040217	
  0.831522	  0.018478	  0.131522	  0.018478	
  0.027174	  0.027174	  0.044565	  0.901087	
  0.005435	  0.009783	  0.001087	  0.983696	
  0.022826	  0.305435	  0.009783	  0.661957	
  0.566304	  0.001087	  0.427174	  0.005435	
  0.005435	  0.001087	  0.001087	  0.992391	
  0.001087	  0.757608	  0.005435	  0.235870	
  0.892391	  0.040217	  0.035870	  0.031522	
  0.048913	  0.792391	  0.005435	  0.153261	
  0.079348	  0.627174	  0.031522	  0.261957	
  0.801087	  0.057609	  0.066304	  0.075000	
  0.031522	  0.822826	  0.044565	  0.101087	
  0.009783	  0.109783	  0.005435	  0.875000	

MOTIF TBX15

letter-probability matrix: alength= 4 w= 12 nsites= 20 E= 0
