MEME version 4

ALPHABET= ACGT

strands: + -

Background letter frequencies
A 0.25 C 0.25 G 0.25 T 0.25

MOTIF P53.H12CORE.0.P.B
letter-probability matrix: alength= 4 w= 21 nsites= 1022
0.1594911937377691	0.1859099804305284	0.4510763209393346	0.2035225048923679
0.3277886497064579	0.0694716242661448	0.3972602739726027	0.2054794520547945
0.1800391389432486	0.050880626223092	0.6164383561643836	0.1526418786692759
0.5391389432485323	0.0812133072407045	0.2729941291585127	0.1066536203522505
0.0195694716242661	0.7896281800391389	0.0313111545988258	0.1594911937377691
0.5078277886497065	0.0655577299412916	0.0489236790606654	0.3776908023483366
0.1487279843444227	0.0176125244618395	0.0273972602739726	0.8062622309197651
0.0097847358121331	0.0048923679060665	0.9686888454011742	0.0166340508806262
0.0176125244618395	0.5714285714285714	0.0029354207436399	0.4080234833659492
0.0332681017612524	0.8414872798434442	0.0264187866927593	0.098825831702544
0.0645792563600783	0.4755381604696673	0.0097847358121331	0.4500978473581213
0.3679060665362035	0.1066536203522505	0.3923679060665362	0.1330724070450098
0.1888454011741683	0.0303326810176125	0.6555772994129158	0.1252446183953033
0.5362035225048923	0.0019569471624266	0.4187866927592955	0.0430528375733855
0.0	0.9980430528375733	0.0009784735812133	0.0009784735812133
0.8405088062622309	0.0136986301369863	0.0117416829745597	0.1340508806262231
0.0215264187866928	0.0078277886497065	0.0068493150684932	0.9637964774951077
0.0068493150684932	0.0058708414872798	0.987279843444227	0.0
0.0205479452054795	0.4021526418786693	0.0039138943248532	0.5733855185909981
0.0450097847358121	0.6037181996086106	0.0362035225048924	0.315068493150685
0.0841487279843444	0.547945205479452	0.0547945205479452	0.3131115459882584
URL https://hocomoco12.autosome.org/motif/P53.H12CORE.0.P.B

MOTIF P53.H12CORE.1.S.C
letter-probability matrix: alength= 4 w= 13 nsites= 655
0.1816793893129771	0.3557251908396947	0.166412213740458	0.2961832061068702
0.2095419847328244	0.3927480916030535	0.1973282442748092	0.200381679389313
0.1770992366412214	0.366412213740458	0.1893129770992366	0.267175572519084
0.3068702290076336	0.0030534351145038	0.5862595419847328	0.1038167938931298
0.2213740458015267	0.0	0.7633587786259542	0.0152671755725191
0.8809160305343512	0.0	0.1190839694656489	0.0
0.0	1.0	0.0	0.0
1.0	0.0	0.0	0.0
0.0	0.0	0.0	1.0
0.0	0.0	1.0	0.0
0.0091603053435114	0.0931297709923664	0.0	0.8977099236641222
0.2648854961832061	0.2511450381679389	0.0465648854961832	0.4374045801526718
0.199618320610687	0.3370229007633588	0.1935114503816794	0.2698473282442748
URL https://hocomoco12.autosome.org/motif/P53.H12CORE.1.S.C

MOTIF ZN562.H12CORE.0.P.C
letter-probability matrix: alength= 4 w= 25 nsites= 292
0.3013698630136986      0.0273972602739726      0.023972602739726       0.6472602739726028
0.0205479452054795      0.1061643835616438      0.0342465753424658      0.839041095890411
0.0205479452054795      0.023972602739726       0.0308219178082192      0.9246575342465754
0.0171232876712329      0.0     0.0034246575342466      0.9794520547945206
0.0     0.9794520547945206      0.0068493150684932      0.0136986301369863
0.0034246575342466      0.0513698630136986      0.0     0.9452054794520548
0.0     0.9897260273972602      0.0     0.0102739726027397
0.9794520547945206      0.0     0.0205479452054795      0.0
0.0034246575342466      0.0068493150684932      0.9828767123287672      0.0068493150684932
0.0034246575342466      0.976027397260274       0.0068493150684932      0.0136986301369863
1.0     0.0     0.0     0.0
0.976027397260274       0.0034246575342466      0.0034246575342466      0.0171232876712329
0.0     0.0034246575342466      0.9965753424657534      0.0
0.0     0.0     1.0     0.0
0.0     0.9965753424657534      0.0     0.0034246575342466
0.9691780821917808      0.0205479452054795      0.0068493150684932      0.0034246575342466
0.9178082191780822      0.0582191780821918      0.023972602739726       0.0
0.3047945205479452      0.0068493150684932      0.0     0.6883561643835616
0.0308219178082192      0.0068493150684932      0.0068493150684932      0.9554794520547946
0.0     0.0136986301369863      0.0102739726027397      0.976027397260274
0.2363013698630137      0.0102739726027397      0.0205479452054795      0.7328767123287672
0.4828767123287671      0.2910958904109589      0.0205479452054795      0.2054794520547945
0.2328767123287671      0.4863013698630137      0.0136986301369863      0.2671232876712329
0.0136986301369863      0.2431506849315068      0.023972602739726       0.7191780821917808
0.0342465753424658      0.2568493150684932      0.0171232876712329      0.6917808219178082
URL https://hocomoco12.autosome.org/motif/ZN562.H12CORE.0.P.C

MOTIF SP2.H12CORE.1.P.B
letter-probability matrix: alength= 4 w= 21 nsites= 864
0.1921296296296296      0.3877314814814815      0.2997685185185185      0.1203703703703704
0.2291666666666667      0.3310185185185185      0.3252314814814815      0.1145833333333333
0.1990740740740741      0.2731481481481481      0.3449074074074074      0.1828703703703704
0.1481481481481481      0.3020833333333333      0.3842592592592592      0.1655092592592593
0.1851851851851852      0.3425925925925926      0.3113425925925926      0.1608796296296296
0.318287037037037       0.2083333333333333      0.3344907407407408      0.1388888888888889
0.2986111111111111      0.1828703703703704      0.4479166666666667      0.0706018518518518
0.2627314814814815      0.0451388888888889      0.5416666666666666      0.150462962962963
0.3275462962962963      0.0347222222222222      0.6111111111111112      0.0266203703703704
0.1261574074074074      0.0023148148148148      0.8611111111111112      0.0104166666666667
0.0289351851851852      0.0     0.96875 0.0023148148148148
0.1979166666666667      0.7349537037037037      0.0     0.0671296296296296
0.0833333333333333      0.0347222222222222      0.7951388888888888      0.0868055555555556
0.0509259259259259      0.0335648148148148      0.8645833333333334      0.0509259259259259
0.2511574074074074      0.056712962962963       0.5925925925925926      0.099537037037037
0.2488425925925926      0.1481481481481481      0.5162037037037037      0.0868055555555556
0.193287037037037       0.4571759259259259      0.2291666666666667      0.1203703703703704
0.1724537037037037      0.3506944444444444      0.25    0.2268518518518519
0.2326388888888889      0.1793981481481481      0.34375 0.244212962962963
0.2465277777777778      0.2071759259259259      0.4340277777777778      0.1122685185185185
0.2303240740740741      0.1979166666666667      0.443287037037037       0.1284722222222222
URL https://hocomoco12.autosome.org/motif/SP2.H12CORE.1.P.B

MOTIF ZN730.H12CORE.0.P.C
letter-probability matrix: alength= 4 w= 15 nsites= 976
0.1342213114754098      0.0317622950819672      0.7817622950819673      0.0522540983606557
0.2049180327868853      0.4610655737704918      0.1567622950819672      0.1772540983606557
0.3217213114754098      0.5502049180327869      0.021516393442623       0.1065573770491803
0.4385245901639344      0.0543032786885246      0.2377049180327869      0.2694672131147541
0.0399590163934426      0.1741803278688525      0.055327868852459       0.7305327868852459
0.7172131147540983      0.0163934426229508      0.2223360655737705      0.0440573770491803
0.0174180327868852      0.0338114754098361      0.9057377049180327      0.0430327868852459
0.0276639344262295      0.9211065573770492      0.0245901639344262      0.0266393442622951
0.4334016393442623      0.2172131147540984      0.1137295081967213      0.235655737704918
0.0276639344262295      0.0573770491803279      0.4467213114754098      0.4682377049180328
0.0706967213114754      0.8698770491803278      0.0245901639344262      0.0348360655737705
0.0399590163934426      0.805327868852459       0.0174180327868852      0.1372950819672131
0.076844262295082       0.7622950819672131      0.0286885245901639      0.132172131147541
0.5194672131147541      0.180327868852459       0.1577868852459016      0.1424180327868853
0.5409836065573771      0.1793032786885246      0.1342213114754098      0.1454918032786885
URL https://hocomoco12.autosome.org/motif/ZN730.H12CORE.0.P.C

MOTIF ZN121_HUMAN.H11MO.0.C
letter-probability matrix: alength= 4 w= 20 nsites= 486
0.026748971193415638	0.9176954732510288	0.02880658436213992	0.026748971193415638
0.0823045267489712	0.03497942386831276	0.08436213991769546	0.7983539094650205
0.01234567901234568	0.01234567901234568	0.9588477366255144	0.01646090534979424
0.03703703703703704	0.02469135802469136	0.934156378600823	0.00411522633744856
0.0925925925925926	0.06790123456790124	0.8333333333333334	0.006172839506172841
0.03497942386831276	0.9218106995884774	0.03497942386831276	0.00823045267489712
0.8271604938271605	0.0925925925925926	0.0617283950617284	0.01851851851851852
0.8127572016460906	0.0617283950617284	0.09876543209876544	0.026748971193415638
0.04320987654320988	0.7510288065843622	0.09053497942386832	0.11522633744855967
0.8415637860082305	0.03703703703703704	0.0925925925925926	0.02880658436213992
0.03909465020576131	0.2201646090534979	0.3004115226337448	0.4403292181069958
0.8251028806584363	0.02880658436213992	0.04526748971193416	0.10082304526748971
0.02263374485596708	0.03497942386831276	0.9176954732510288	0.02469135802469136
0.03292181069958848	0.5720164609053497	0.037037037037037035	0.35802469135802467
0.44855967078189296	0.08024691358024691	0.43827160493827155	0.03292181069958848
0.8724279835390947	0.02469135802469136	0.06995884773662552	0.03292181069958848
0.02263374485596708	0.0205761316872428	0.9423868312757202	0.01440329218106996
0.8641975308641976	0.04526748971193416	0.06995884773662552	0.0205761316872428
0.02880658436213992	0.8045267489711935	0.03909465020576132	0.12757201646090535
0.03292181069958848	0.7736625514403292	0.04526748971193416	0.14814814814814817
URL http://hocomoco.autosome.ru/motif/ZN121_HUMAN.H11MO.0.C